1956 3265
1956 3655
1956 3691
1956 1950
1950 1956
1950 3265
1950 3655
1950 3691
3552 3655
2064 3265
3688 6198
3688 928
3688 3655
3912 3915
3912 284217
3912 3908
3912 3909
3912 3910
3912 3911
3915 284217
3915 3908
3915 3909
3915 3910
3915 3911
3915 3912
3915 3913
3691 207
3691 3265
3691 5290
3691 5295
3691 5376
3691 5578
3691 6464
3691 1950
3691 1956
3691 3655
5578 3655
5578 3691
2065 207
3655 207
3655 3265
3655 3688
3655 3691
3655 5290
3655 5295
3655 5376
3655 6198
3655 6464
3655 928
3655 1950
3655 1956
3655 5578
3908 3912
3908 3913
3908 3915
284217 3912
284217 3915
5295 5879
5295 6464
5295 3655
5295 5290
6464 2885
6464 3655
6464 3691
6464 5290
6464 5295
207 4485
207 4486
207 2065
207 3655
207 3691
5290 5295
5290 5879
5290 6464
5290 3655
840 3655
840 3691
3913 3915
3913 3908
3913 3911
4486 4485
3918 3909
3918 3914
3909 3912
3909 3914
3909 3915
3909 3918
928 3655
928 3688
3911 3912
3911 3913
3911 3915
3910 3912
3910 3915
5376 3655
5376 3691
2885 6464
4485 4486
3914 3918
3914 3909
