655 196385
6901 196385
7158 196385
7158 23217
79020 51599
79020 90161
79020 6901
79020 9049
79020 1129
79020 6731
79020 22871
79020 3060
79020 8707
79020 80835
79020 84844
79020 377841
79020 3811
79020 388567
79020 22884
79020 1182
79020 10576
79020 5288
79020 26253
79020 10296
79020 400224
79020 288
79020 10956
79020 81848
79020 254531
79020 1572
79020 90407
79020 88455
79020 29979
79020 196385
79020 7158
196385 22871
196385 84844
196385 79020
196385 3811
196385 22884
196385 1182
196385 143282
196385 5288
196385 400224
90407 196385
29979 196385
8707 8707
114131 196385
375307 196385
6749 196385
114815 10956
10956 196385
10956 79020
377841 79020
400224 196385
254531 196385
1572 196385
1572 79020
10369 8707
288 196385
3811 196385
79020 10369
196385 9049
10576 196385
196385 8707
196385 90161
196385 26253
196385 6901
196385 10576
3811 79020
22871 10576
196385 7158
7158 81848
196385 6731
84856 196385
23217 26253
114131 26253
7158 50945
3811 23217
79020 114815
79020 338773
79020 171482
29979 114815
90161 79020
377841 196385
196385 90407
3060 79020
85437 79020
7158 79020
79074 84844
7158 5288
81848 196385
79020 5217
6731 23217
29979 90161
392360 196385
85437 196385
377841 7158
7083 143282
377841 3060
23217 143282
8707 29979
79020 655
196385 7784
81848 3060
3060 80835
196385 50945
23424 377841
23217 85437
23424 22884
79020 392360
196385 1509
196385 375307
3060 7158
7083 196385
6582 79020
29979 85437
79020 85437
79020 50945
23217 51599
85437 29979
84844 79020
196385 51599
7083 90780
79020 55568
81848 84844
7104 196385
7083 1129
90407 79020
10576 79020
90407 7104
377841 10576
1182 196385
90161 26253
79020 375307
377841 55568
84856 79020
3060 3811
8707 79020
3811 22871
375307 1182
84856 10369
1129 8707
338773 196385
55568 23217
7083 375307
85437 26253
7784 26253
7158 90407
3060 55568
79020 90780
114131 5288
7083 3811
196385 81848
81848 79020
10956 7158
114131 143282
7083 1182
29979 3060
114815 196385
3060 8707
3811 10369
196385 655
10369 79020
9049 5288
90407 85437
254531 23217
7158 377841
10956 5288
8707 377841
22871 254531
80835 196385
6582 26253
7083 5270
85437 375307
196385 5270
7083 23424
7158 9049
79020 143282
114131 1572
196385 81696
84844 196385
3811 3060
196385 377841
85437 6749
88455 81848
1182 50945
81848 55568
8707 171482
7158 22884
10296 79020
90780 196385
79074 10956
196385 10296
377841 84844
8707 26253
90407 254531
84844 8707
10956 85437
1129 50945
400224 26253
23217 88455
9049 79020
23217 22871
655 22871
29979 10956
55568 1129
29979 5288
288 23424
55568 79020
196385 3060
22884 23217
7158 6582
3811 84844
79074 377841
84844 29979
196385 80835
196385 85437
29979 143282
50945 7158
377841 10956
375307 26253
7104 6749
7083 79020
84844 377841
7083 26253
7158 10956
23217 377841
7784 29979
26253 196385
79074 79020
7158 171482
90780 29979
377841 90407
1572 5270
196385 10956
22871 388567
23217 196385
88455 22871
10369 196385
1509 26253
7158 143282
10956 5270
79020 6582
254531 1509
10956 288
6749 10576
26253 254531
10296 196385
23424 85437
79074 7104
6731 26253
22871 196385
196385 388567
254531 23424
254531 7784
10956 81848
22871 6731
655 79020
22871 7104
5270 23424
79020 6749
196385 29979
114815 90407
85437 23217
10956 254531
85437 22871
8707 1182
84844 10956
